Iteration	CPUTime	PhysTime	Travels	Value	AvValue	MinValue	MaxValue	Delta	Criteria	PrevAvRefValue	Progress	CriteriaType	CriteriaVarType	CriteriaPercentage
1	4	0	0.0144605013	102132.99	102132.99	102132.99	102132.99	0	0	0	0	0	0	3
2	4	0	0.0289210027	97240.0568	99686.5237	97240.0568	102132.99	2446.46682	0	0	0	0	0	3
3	5	0	0.043381504	92793.3085	97388.7853	92793.3085	102132.99	4744.2052	0	0	0	0	0	3
4	6	0	0.0578420054	100092.806	98064.7905	92793.3085	102132.99	4744.2052	0	0	0	0	0	3
5	6	0	0.0723025067	95600.1438	97571.8611	92793.3085	102132.99	4744.2052	0	0	0	0	0	3
6	7	0	0.0867630081	92149.952	96668.2096	92149.952	102132.99	5464.78085	0	0	0	0	0	3
7	8	0	0.101223509	91401.2315	95915.7842	91401.2315	102132.99	6217.2063	0	0	0	0	0	3
8	9	0	0.115684011	91306.0888	95339.5722	91306.0888	102132.99	6793.41823	0	0	0	0	0	3
9	10	0	0.130144512	92175.0429	94987.9579	91306.0888	102132.99	7145.0326	0	0	0	0	0	3
10	11	0	0.144605013	93091.6604	94798.3281	91306.0888	102132.99	7334.66235	0	0	0	0	0	3
11	12	0	0.159065515	94488.035	94770.1197	91306.0888	102132.99	7362.87081	0	0	0	0	0	3
12	13	0	0.173526016	96735.4301	94933.8955	91306.0888	102132.99	7362.87081	0	0	0	0	0	3
13	14	0	0.187986518	98881.1449	95237.5301	91306.0888	102132.99	7362.87081	0	0	0	0	0	3
14	15	0	0.202447019	98759.3988	95489.0921	91306.0888	102132.99	7362.87081	0	0	0	0	0	3
15	16	0	0.21690752	99699.1029	95769.7595	91306.0888	102132.99	7362.87081	0	0	0	0	0	3
16	16	0	0.231368022	98613.3613	95947.4846	91306.0888	102132.99	7362.87081	0	0	0	0	0	3
17	17	0	0.245828523	100208.283	96198.1199	91306.0888	102132.99	7362.87081	0	0	0	0	0	3
18	18	0	0.260289024	100141.743	96417.21	91306.0888	102132.99	7362.87081	0	0	0	0	0	3
19	19	0	0.274749526	100156.623	96614.0212	91306.0888	102132.99	7362.87081	0	0	0	0	0	3
20	19	0	0.289210027	100206.887	96793.6645	91306.0888	102132.99	7362.87081	0	0	0	0	0	3
21	20	0	0.303670528	100327.097	96961.9232	91306.0888	102132.99	7362.87081	0	0	0	0	0	3
22	21	0	0.31813103	100434.584	97119.7714	91306.0888	102132.99	7362.87081	0	0	0	0	0	3
23	22	0	0.332591531	100525.103	97267.8293	91306.0888	102132.99	7362.87081	0	0	0	0	0	3
24	23	0	0.347052032	100720.597	97411.6946	91306.0888	102132.99	7362.87081	0	0	0	0	0	3
25	23	0	0.361512534	100967.529	97553.928	91306.0888	102132.99	7362.87081	0	0	0	0	0	3
26	24	0	0.375973035	101186.27	97693.6335	91306.0888	102132.99	7362.87081	0	0	0	0	0	3
27	25	0	0.390433536	101477.91	97833.7918	91306.0888	102132.99	7362.87081	0	0	0	0	0	3
28	25	0	0.404894038	101866.334	97977.8112	91306.0888	102132.99	7362.87081	0	0	0	0	0	3
29	26	0	0.419354539	102055.259	98118.4128	91306.0888	102132.99	7362.87081	0	0	0	0	0	3
30	27	0	0.43381504	102170.089	98253.4687	91306.0888	102170.089	7362.87081	0	0	0	0	0	3
31	27	0	0.448275542	102054.883	98376.095	91306.0888	102170.089	7362.87081	0	0	0	0	0	3
32	28	0	0.462736043	101960.55	98488.1092	91306.0888	102170.089	7362.87081	0	0	0	0	0	3
33	29	0	0.477196545	101672.782	98584.6144	91306.0888	102170.089	7362.87081	0	0	0	0	0	3
34	29	0	0.491657046	101356.619	98666.144	91306.0888	102170.089	7362.87081	0	0	0	0	0	3
35	30	0	0.506117547	101193.404	98738.3514	91306.0888	102170.089	7362.87081	0	0	0	0	0	3
36	31	0	0.520578049	101158.816	98710.5179	91306.0888	102170.089	4916.40399	0	0	0	0	0	3
37	32	0	0.53503855	101134.773	98821.7955	91306.0888	102170.089	4051.6758	0	0	0	0	0	3
38	32	0	0.549499051	101131.351	99060.0253	91306.0888	102170.089	4289.90559	0	0	0	0	0	3
39	33	0	0.563959553	101078.486	99088.1875	91306.0888	102170.089	4318.06787	0	0	0	0	0	3
40	34	0	0.578420054	101181.815	99247.6639	91306.0888	102170.089	4477.54421	0	0	0	0	0	3
41	34	0	0.592880555	101174.426	99505.506	91306.0888	102170.089	4735.38633	0	0	0	0	0	3
42	35	0	0.607341057	101184.382	99785.0246	91306.0888	102170.089	5014.90493	0	0	0	0	0	3
43	36	0	0.621801558	101168.469	100066.807	92175.0429	102170.089	5296.68721	0	0	0	0	0	3
44	36	0	0.636262059	101195.649	100324.538	93091.6604	102170.089	5554.41883	0	0	0	0	0	3
45	37	0	0.650722561	101197.241	100556.126	94488.035	102170.089	5786.00684	0	0	0	0	0	3
46	38	0	0.665183062	101194.578	100747.742	96735.4301	102170.089	5434.6588	0	0	0	0	0	3
47	38	0	0.679643563	101203.673	100875.406	98613.3613	102170.089	3556.72753	0	0	0	0	0	3
48	39	0	0.694104065	101206.498	100941.845	98613.3613	102170.089	3556.72753	0	0	0	0	0	3
49	40	0	0.708564566	101202.114	101011.637	98613.3613	102170.089	3556.72753	0	0	0	0	0	3
50	40	0	0.723025067	101206.58	101054.707	98613.3613	102170.089	3556.72753	0	0	0	0	0	3
51	41	0	0.737485569	101218.514	101129.14	100141.743	102170.089	2028.34627	0	0	0	0	0	3
52	42	0	0.75194607	101225.151	101158.194	100141.743	102170.089	2028.34627	0	0	0	0	0	3
53	42	0	0.766406571	101242.269	101189.637	100156.623	102170.089	2013.46567	0	0	0	0	0	3
54	43	0	0.780867073	101243.809	101220.7	100206.887	102170.089	1963.20147	0	0	0	0	0	3
55	43	0	0.795327574	101259.523	101250.775	100327.097	102170.089	1842.99232	0	0	0	0	0	3
56	44	0	0.809788076	101249.276	101277.123	100434.584	102170.089	1735.50437	0	0	0	0	0	3
57	45	0	0.824248577	101260.105	101300.709	100525.103	102170.089	1644.98584	0	0	0	0	0	3
58	45	0	0.838709078	101252.942	101321.505	100720.597	102170.089	1449.49223	0	0	0	0	0	3
59	46	0	0.85316958	101264.089	101337.033	100967.529	102170.089	1202.5597	0	0	0	0	0	3
60	47	0	0.867630081	101256.834	101345.299	101078.486	102170.089	1091.60281	0	0	0	0	0	3
61	47	0	0.882090582	101264.876	101347.545	101078.486	102170.089	1091.60281	0	0	0	0	0	3
62	48	0	0.896551084	101262.284	101341.384	101078.486	102170.089	1091.60281	0	0	0	0	0	3
63	48	0	0.911011585	101269.802	101324.34	101078.486	102170.089	1091.60281	0	0	0	0	0	3
64	49	0	0.925472086	101269.628	101301.894	101078.486	102170.089	1091.60281	0	0	0	0	0	3
65	50	0	0.939932588	101276.823	101276.372	101078.486	102054.883	976.396647	0	0	0	0	0	3
66	50	0	0.954393089	101277.297	101254.155	101078.486	101960.55	882.064301	0	0	0	0	0	3
67	51	0	0.96885359	101282.254	101234.775	101078.486	101672.782	594.295893	0	0	0	0	0	3
68	51	0	0.983314092	101279.993	101223.553	101078.486	101356.619	278.133192	0	0	0	0	0	3
69	52	0	0.997774593	101280.082	101221.366	101078.486	101282.254	203.767762	0	0	0	0	0	3
70	53	0	1.01223509	101278.848	101223.807	101078.486	101282.254	203.767762	325.920003	0	100	0	0	3
71	53	0	1.0266956	101280.025	101227.27	101078.486	101282.254	203.767762	325.920003	0	100	0	0	3
72	54	0	1.0411561	101279.872	101231.416	101078.486	101282.254	203.767762	325.920003	0	100	0	0	3
73	55	0	1.0556166	101282.102	101235.723	101078.486	101282.254	203.767762	325.920003	0	100	0	0	3
74	55	0	1.0700771	101283.968	101241.594	101168.469	101283.968	115.499146	325.920003	0	100	0	0	3
75	56	0	1.0845376	101284.727	101244.534	101168.469	101284.727	116.258696	325.920003	0	100	0	0	3
76	57	0	1.0989981	101288.92	101247.806	101168.469	101288.92	120.451056	325.920003	0	100	0	0	3
